Matrix U:
1.0	0.0	0.0	0.0	0.0	0.0	0.0	0.0	0.0	0.0	0.0	0.0	0.0	0.0	0.0	0.0	0.0	0.0	0.0	0.0	0.0	0.0	0.0	0.0	0.0	
0.0	1.19	-0.4	0.0	0.0	0.0	-0.29	0.0	0.0	0.0	0.0	0.0	0.0	0.0	0.0	0.0	0.0	0.0	0.0	0.0	0.0	0.0	0.0	0.0	0.0	
0.0	0.0	0.85	-0.33	0.0	0.0	-0.1	-0.25	0.0	0.0	0.0	0.0	0.0	0.0	0.0	0.0	0.0	0.0	0.0	0.0	0.0	0.0	0.0	0.0	0.0	
0.0	0.0	0.0	0.94	-0.4	0.0	-0.04	-0.1	-0.33	0.0	0.0	0.0	0.0	0.0	0.0	0.0	0.0	0.0	0.0	0.0	0.0	0.0	0.0	0.0	0.0	
0.0	0.0	0.0	0.0	0.51	0.0	-0.02	-0.04	-0.14	-0.29	0.0	0.0	0.0	0.0	0.0	0.0	0.0	0.0	0.0	0.0	0.0	0.0	0.0	0.0	0.0	
0.0	0.0	0.0	0.0	0.0	1.08	-0.25	0.0	0.0	0.0	-0.5	0.0	0.0	0.0	0.0	0.0	0.0	0.0	0.0	0.0	0.0	0.0	0.0	0.0	0.0	
0.0	0.0	0.0	0.0	0.0	0.0	1.08	-0.43	-0.02	-0.01	-0.12	-0.29	0.0	0.0	0.0	0.0	0.0	0.0	0.0	0.0	0.0	0.0	0.0	0.0	0.0	
0.0	0.0	0.0	0.0	0.0	0.0	0.0	0.97	-0.39	-0.03	-0.05	-0.11	-0.25	0.0	0.0	0.0	0.0	0.0	0.0	0.0	0.0	0.0	0.0	0.0	0.0	
0.0	0.0	0.0	0.0	0.0	0.0	0.0	0.0	1.09	-0.49	-0.02	-0.05	-0.1	-0.33	0.0	0.0	0.0	0.0	0.0	0.0	0.0	0.0	0.0	0.0	0.0	
0.0	0.0	0.0	0.0	0.0	0.0	0.0	0.0	0.0	0.59	-0.01	-0.03	-0.05	-0.15	-0.29	0.0	0.0	0.0	0.0	0.0	0.0	0.0	0.0	0.0	0.0	
0.0	0.0	0.0	0.0	0.0	0.0	0.0	0.0	-0.0	0.0	1.0	-0.29	-0.01	-0.01	-0.01	-0.5	0.0	0.0	0.0	0.0	0.0	0.0	0.0	0.0	0.0	
0.0	0.0	0.0	0.0	0.0	0.0	0.0	0.0	-0.0	0.0	0.0	1.05	-0.44	-0.03	-0.02	-0.14	-0.29	0.0	0.0	0.0	0.0	0.0	0.0	0.0	0.0	
0.0	0.0	0.0	0.0	0.0	0.0	0.0	0.0	-0.0	0.0	0.0	0.0	0.97	-0.39	-0.03	-0.07	-0.12	-0.25	0.0	0.0	0.0	0.0	0.0	0.0	0.0	
0.0	0.0	0.0	0.0	0.0	0.0	0.0	0.0	-0.0	0.0	0.0	0.0	0.0	1.1	-0.49	-0.04	-0.06	-0.1	-0.33	0.0	0.0	0.0	0.0	0.0	0.0	
0.0	0.0	0.0	0.0	0.0	0.0	0.0	0.0	-0.0	0.0	0.0	0.0	0.0	0.0	0.62	-0.02	-0.03	-0.05	-0.15	-0.29	0.0	0.0	0.0	0.0	0.0	
0.0	0.0	0.0	0.0	0.0	0.0	0.0	0.0	-0.0	0.0	0.0	0.0	0.0	0.0	0.0	0.97	-0.3	-0.02	-0.02	-0.01	-0.5	0.0	0.0	0.0	0.0	
0.0	0.0	0.0	0.0	0.0	0.0	0.0	0.0	-0.0	0.0	0.0	0.0	0.0	0.0	0.0	0.0	1.03	-0.45	-0.03	-0.02	-0.15	-0.29	0.0	0.0	0.0	
0.0	0.0	0.0	0.0	0.0	0.0	0.0	0.0	-0.0	0.0	0.0	0.0	0.0	0.0	0.0	0.0	0.0	0.96	-0.39	-0.03	-0.08	-0.12	-0.25	0.0	0.0	
0.0	0.0	0.0	0.0	0.0	0.0	0.0	0.0	-0.0	0.0	0.0	0.0	0.0	0.0	0.0	0.0	0.0	0.0	1.11	-0.48	-0.04	-0.06	-0.1	-0.33	0.0	
0.0	0.0	0.0	0.0	0.0	0.0	0.0	0.0	-0.0	0.0	0.0	0.0	0.0	0.0	0.0	0.0	0.0	0.0	0.0	0.63	-0.03	-0.03	-0.05	-0.15	-0.29	
0.0	0.0	0.0	0.0	0.0	0.0	0.0	0.0	-0.0	0.0	0.0	0.0	0.0	0.0	0.0	-0.0	0.0	0.0	0.0	0.0	0.46	-0.31	-0.03	-0.02	-0.01	
0.0	0.0	0.0	0.0	0.0	0.0	0.0	0.0	-0.0	0.0	0.0	0.0	0.0	0.0	0.0	-0.0	0.0	0.0	0.0	0.0	0.0	0.63	-0.46	-0.04	-0.02	
0.0	0.0	0.0	0.0	0.0	0.0	0.0	0.0	-0.0	0.0	0.0	0.0	0.0	0.0	0.0	-0.0	0.0	-0.0	0.0	0.0	0.0	0.0	0.52	-0.36	-0.04	
0.0	0.0	0.0	0.0	0.0	0.0	0.0	0.0	-0.0	0.0	0.0	0.0	0.0	0.0	0.0	-0.0	0.0	-0.0	0.0	0.0	0.0	0.0	0.0	0.57	-0.43	
0.0	0.0	0.0	0.0	0.0	0.0	0.0	0.0	0.0	0.0	0.0	0.0	0.0	0.0	0.0	0.0	0.0	0.0	0.0	0.0	0.0	0.0	0.0	0.0	1.0	

Matrix L:
1.0	0.0	0.0	0.0	0.0	0.0	0.0	0.0	0.0	0.0	0.0	0.0	0.0	0.0	0.0	0.0	0.0	0.0	0.0	0.0	0.0	0.0	0.0	0.0	0.0	
-0.5	1.0	0.0	0.0	0.0	0.0	0.0	0.0	0.0	0.0	0.0	0.0	0.0	0.0	0.0	0.0	0.0	0.0	0.0	0.0	0.0	0.0	0.0	0.0	0.0	
0.0	-0.34	1.0	0.0	0.0	0.0	0.0	0.0	0.0	0.0	0.0	0.0	0.0	0.0	0.0	0.0	0.0	0.0	0.0	0.0	0.0	0.0	0.0	0.0	0.0	
0.0	0.0	-0.39	1.0	0.0	0.0	0.0	0.0	0.0	0.0	0.0	0.0	0.0	0.0	0.0	0.0	0.0	0.0	0.0	0.0	0.0	0.0	0.0	0.0	0.0	
0.0	0.0	-0.0	-0.43	1.0	0.0	0.0	0.0	0.0	0.0	0.0	0.0	0.0	0.0	0.0	0.0	0.0	0.0	0.0	0.0	0.0	0.0	0.0	0.0	0.0	
-0.33	0.0	0.0	0.0	0.0	1.0	0.0	0.0	0.0	0.0	0.0	0.0	0.0	0.0	0.0	0.0	0.0	0.0	0.0	0.0	0.0	0.0	0.0	0.0	0.0	
0.0	-0.24	-0.11	-0.04	-0.03	-0.23	1.0	0.0	0.0	0.0	0.0	0.0	0.0	0.0	0.0	0.0	0.0	0.0	0.0	0.0	0.0	0.0	0.0	0.0	0.0	
-0.0	0.0	-0.29	-0.1	-0.08	0.0	-0.4	1.0	0.0	0.0	0.0	0.0	0.0	0.0	0.0	0.0	0.0	0.0	0.0	0.0	0.0	0.0	0.0	0.0	0.0	
-0.0	0.0	0.0	-0.36	-0.28	0.0	-0.02	-0.4	1.0	0.0	0.0	0.0	0.0	0.0	0.0	0.0	0.0	0.0	0.0	0.0	0.0	0.0	0.0	0.0	0.0	
-0.0	0.0	-0.0	0.0	-0.56	0.0	-0.01	-0.03	-0.45	1.0	0.0	0.0	0.0	0.0	0.0	0.0	0.0	0.0	0.0	0.0	0.0	0.0	0.0	0.0	0.0	
-0.0	-0.0	0.0	-0.0	0.0	-0.46	-0.11	-0.05	-0.02	-0.02	1.0	0.0	0.0	0.0	0.0	0.0	0.0	0.0	0.0	0.0	0.0	0.0	0.0	0.0	0.0	
-0.0	-0.0	0.0	-0.0	-0.0	0.0	-0.26	-0.12	-0.05	-0.05	-0.29	1.0	0.0	0.0	0.0	0.0	0.0	0.0	0.0	0.0	0.0	0.0	0.0	0.0	0.0	
-0.0	0.0	-0.0	-0.0	-0.0	-0.0	-0.0	-0.26	-0.09	-0.09	-0.01	-0.42	1.0	0.0	0.0	0.0	0.0	0.0	0.0	0.0	0.0	0.0	0.0	0.0	0.0	
-0.0	0.0	-0.0	0.0	-0.0	0.0	-0.0	0.0	-0.31	-0.25	-0.01	-0.02	-0.4	1.0	0.0	0.0	0.0	0.0	0.0	0.0	0.0	0.0	0.0	0.0	0.0	
-0.0	0.0	0.0	0.0	-0.0	0.0	-0.0	0.0	-0.0	-0.48	-0.01	-0.01	-0.03	-0.44	1.0	0.0	0.0	0.0	0.0	0.0	0.0	0.0	0.0	0.0	0.0	
-0.0	0.0	0.0	0.0	0.0	0.0	-0.0	0.0	-0.0	0.0	-0.5	-0.14	-0.07	-0.03	-0.04	1.0	0.0	0.0	0.0	0.0	0.0	0.0	0.0	0.0	0.0	
-0.0	0.0	-0.0	0.0	0.0	-0.0	-0.0	0.0	-0.0	-0.0	0.0	-0.27	-0.12	-0.05	-0.05	-0.31	1.0	0.0	0.0	0.0	0.0	0.0	0.0	0.0	0.0	
-0.0	0.0	-0.0	0.0	0.0	-0.0	-0.0	0.0	-0.0	0.0	-0.0	0.0	-0.26	-0.09	-0.08	-0.02	-0.43	1.0	0.0	0.0	0.0	0.0	0.0	0.0	0.0	
-0.0	0.0	-0.0	-0.0	0.0	0.0	-0.0	0.0	0.0	0.0	0.0	0.0	0.0	-0.3	-0.24	-0.02	-0.03	-0.4	1.0	0.0	0.0	0.0	0.0	0.0	0.0	
0.0	-0.0	-0.0	0.0	0.0	-0.0	0.0	0.0	-0.0	-0.0	0.0	-0.0	-0.0	0.0	-0.46	-0.01	-0.02	-0.03	-0.44	1.0	0.0	0.0	0.0	0.0	0.0	
-0.0	-0.0	-0.0	0.0	-0.0	0.0	-0.0	0.0	-0.0	-0.0	-0.0	-0.0	0.0	-0.0	0.0	-0.51	-0.15	-0.08	-0.04	-0.05	1.0	0.0	0.0	0.0	0.0	
0.0	0.0	0.0	-0.0	0.0	-0.0	-0.0	-0.0	0.0	0.0	-0.0	0.0	-0.0	-0.0	0.0	-0.0	-0.28	-0.13	-0.05	-0.05	-0.67	1.0	0.0	0.0	0.0	
-0.0	-0.0	0.0	-0.0	-0.0	0.0	0.0	-0.0	0.0	0.0	0.0	-0.0	0.0	0.0	0.0	-0.0	-0.0	-0.26	-0.09	-0.08	-0.06	-0.72	1.0	0.0	0.0	
0.0	0.0	-0.0	0.0	-0.0	0.0	0.0	0.0	-0.0	0.0	-0.0	-0.0	0.0	-0.0	-0.0	0.0	0.0	0.0	-0.3	-0.23	-0.04	-0.06	-0.68	1.0	0.0	
0.0	0.0	0.0	0.0	0.0	0.0	0.0	0.0	0.0	0.0	0.0	0.0	0.0	0.0	0.0	0.0	0.0	0.0	0.0	0.0	0.0	0.0	0.0	0.0	1.0	

Current from Node 1 to Node 2: 0.863364 A 
Current from Node 1 to Node 6: 0.737389 A 
Current from Node 2 to Node 3: 0.499084 A 
Current from Node 2 to Node 7: 0.364280 A 
Current from Node 3 to Node 4: 0.316297 A 
Current from Node 3 to Node 8: 0.182787 A 
Current from Node 4 to Node 5: 0.141962 A 
Current from Node 4 to Node 9: 0.174335 A 
Current from Node 5 to Node 10: 0.141962 A 
Current from Node 6 to Node 7: 0.197385 A 
Current from Node 6 to Node 11: 0.540003 A 
Current from Node 7 to Node 8: 0.281552 A 
Current from Node 7 to Node 12: 0.280113 A 
Current from Node 8 to Node 9: 0.246916 A 
Current from Node 8 to Node 13: 0.217423 A 
Current from Node 9 to Node 10: 0.131507 A 
Current from Node 9 to Node 14: 0.289743 A 
Current from Node 10 to Node 15: 0.273470 A 
Current from Node 11 to Node 12: 0.172483 A 
Current from Node 11 to Node 16: 0.367521 A 
Current from Node 12 to Node 13: 0.237271 A 
Current from Node 12 to Node 17: 0.215325 A 
Current from Node 13 to Node 14: 0.246761 A 
Current from Node 13 to Node 18: 0.207933 A 
Current from Node 14 to Node 15: 0.166673 A 
Current from Node 14 to Node 19: 0.369832 A 
Current from Node 15 to Node 20: 0.440142 A 
Current from Node 16 to Node 17: 0.177131 A 
Current from Node 16 to Node 21: 0.190389 A 
Current from Node 17 to Node 18: 0.268510 A 
Current from Node 17 to Node 22: 0.123946 A 
Current from Node 18 to Node 19: 0.339350 A 
Current from Node 18 to Node 23: 0.137093 A 
Current from Node 19 to Node 20: 0.339073 A 
Current from Node 19 to Node 24: 0.370109 A 
Current from Node 20 to Node 25: 0.779216 A 
Current from Node 21 to Node 22: 0.190389 A 
Current from Node 22 to Node 23: 0.314335 A 
Current from Node 23 to Node 24: 0.451429 A 
Current from Node 24 to Node 25: 0.821537 A 
Voltage at node 1 is 10.0 V
Voltage at node 2 is 8.273271738535202 V
Voltage at node 3 is 7.025560891640696 V
Voltage at node 4 is 6.07666938877702 V
Voltage at node 5 is 5.72176384115999 V
Voltage at node 6 is 7.787833987474953 V
Voltage at node 7 is 6.998292466624117 V
Voltage at node 8 is 6.294412207094387 V
Voltage at node 9 is 5.55366454305378 V
Voltage at node 10 is 5.224896074496148 V
Voltage at node 11 is 6.707827406217005 V
Voltage at node 12 is 6.0178967273101724 V
Voltage at node 13 is 5.424718659354651 V
Voltage at node 14 is 4.684434195559091 V
Voltage at node 15 is 4.267752451851621 V
Voltage at node 16 is 5.972786164412472 V
Voltage at node 17 is 5.264260939090487 V
Voltage at node 18 is 4.592986154613497 V
Voltage at node 19 is 3.5749374767178113 V
Voltage at node 20 is 2.7272543880166342 V
Voltage at node 21 is 5.592007535268933 V
Voltage at node 22 is 4.830450276981855 V
Voltage at node 23 is 4.044612231903408 V
Voltage at node 24 is 2.464611786422256 V
Voltage at node 25 is 0.0 V
